function [train1,train2]=training_sequence

train1 = [-1 -1  1 -1 -1 -1 -1 -1  1 1 -1 1 -1  1 1  1];
train2 = [-1 -1 -1 -1  1  1 -1  1 -1 1  1 1 -1 -1 1 -1];